8
0          0.0000000 0.0024164 0.0000010 0.4030253 0.4049383 0.4049383 0.4015902 2.4496583 
1          0.0024164 0.0000000 0.0024164 0.4028916 0.4048036 0.4048036 0.4014571 2.4432815 
2          0.0000010 0.0024164 0.0000000 0.4030253 0.4049383 0.4049383 0.4015902 2.4496583 
3          0.4030253 0.4028916 0.4030253 0.0000000 0.0012072 0.0012072 0.0109512 2.2279717 
4          0.4049383 0.4048036 0.4049383 0.0012072 0.0000000 0.0000010 0.0121755 2.2341323 
5          0.4049383 0.4048036 0.4049383 0.0012072 0.0000010 0.0000000 0.0121755 2.2341323 
6          0.4015902 0.4014571 0.4015902 0.0109512 0.0121755 0.0121755 0.0000000 2.2200214 
7          2.4496583 2.4432815 2.4496583 2.2279717 2.2341323 2.2341323 2.2200214 0.0000000 
