8
0          0.0000000 0.0185475 0.0033441 0.4493003 0.4419405 0.4432584 0.4363191 2.1062631 
1          0.0185475 0.0000000 0.0185729 0.4383579 0.4282953 0.4323849 0.4255140 2.1100901 
2          0.0033441 0.0185729 0.0000000 0.4500773 0.4427014 0.4440219 0.4370681 2.1206717 
3          0.4493003 0.4383579 0.4500773 0.0000000 0.0108351 0.0116721 0.0226672 1.9661080 
4          0.4419405 0.4282953 0.4427014 0.0108351 0.0000000 0.0041490 0.0201112 1.9634804 
5          0.4432584 0.4323849 0.4440219 0.0116721 0.0041490 0.0000000 0.0209555 1.9669848 
6          0.4363191 0.4255140 0.4370681 0.0226672 0.0201112 0.0209555 0.0000000 1.9360518 
7          2.1062631 2.1100901 2.1206717 1.9661080 1.9634804 1.9669848 1.9360518 0.0000000 
